<?xml version="1.0"?>
<opencv_storage>
<cameraMatrix type_id="opencv-matrix">
  <rows>3</rows>
  <cols>3</cols>
  <dt>d</dt>
  <data>
    3.4239359999999999e+02 -2.6499999999999999e-02
    3.2038850000000002e+02 0. 3.4228030000000001e+02
    1.7489869999999999e+02 0. 0. 1.</data></cameraMatrix>
<distCoeffs type_id="opencv-matrix">
  <rows>5</rows>
  <cols>1</cols>
  <dt>d</dt>
  <data>
    3.9600000000000003e-02 -6.1400000000000003e-02
    8.0000000000000004e-04 -1.1999999999999999e-03 0.</data></distCoeffs>
  <zScale>1</zScale>
</opencv_storage>